48,4
48,3
48,2
48,1
48,0
0,489
0,488
30,5
47,5
0,487
0,486
0,485
47,4
47,3
47,2
47,1
47,0
0,484
0,483
0,482
0,481
0,480
0,479
46,4
46,3
46,2
46,1
46,0
0,478
45,4
45,3
45,2
45,1
45,0
0,477
0,476
0,475
44,5
44,4
44,3
44,2
44,1
44,0
43,4
43,3
43,2
43,1
43,0
42,3
42,2
42,1
42,0
0,474
41,5
41,4
41,3
41,2
41,1
41,0
0,473
0,472
0,471
0,470
0,469
40,4
40,3
40,2
40,1
40,0
0,468
34,4
0,467
0,466
0,465
0,464
0,463
0,462
0,461
0,460
0,459
0,458
0,457
0,456
0,455
0,454
0,453
0,452
39,5
39,4
39,3
39,2
0,451
39,1
39,0
0,450
0,449
0,448
0,447
0,446
0,445
0,444
0,443
0,442
0,441
0,440
0,439
0,438
0,437
0,436
0,435
38,4
38,3
38,2
0,434
38,1
38,0
0,433
0,432
0,431
33,4
0,430
0,429
0,428
0,427
0,426
0,425
0,424
0,423
0,422
0,421
0,420
0,419
0,418
